81166668 11 1. 0.

Procne. ,4, Ρ. 181.

0666111660. 11. 2. 6.

Ρ611166. C. 111. 20, 18.

Proe 61 0. 1111, 18.

1666111116, 0.1.16,18,1118.81,
18. 88: 1116161 01.

Ρ11111η11610,ι, 28, 20,11. 18. 21,
1166161. 2, 811, 8. 110,

Ριῖ1161,0.1,2.1, ,8,14811, 8,1.

1611161. 8,.11 6, 82.

Pudor. 0, 424 6 0 S 61

16116681. 8. 46,

1661661μο 111, 8. 183 8. 84, 1111011.
0.,21 11111162

Pup 161, 11. 1. 1. 61,

Ρ611111, S. ii. 8. 218,

11611118, 11, 6. 86, E. 1161.

Ρ,1611ι11,811.8.188.

Pylms. 1011166101, 18. 22

81711111, ,1066611610 ιιτονμιΟ 1. 2

ΡγίπΙιιι, 1861611116116166 161110.

8111111111, 1,18,14.

Ρι·.,ἰτ1ιιιι.ι6610 ι11. 6. 86,

Ρι·,ιτ1161 61116111166110. 111, 20, 2.

81111Ἔ6111,116661621,811,4.8,

Pythagorea 1616611, Ε. 111. 62

1111111611. Ρ 288

Ρ6111161,0,1.16,0; Α. Ρ.414

Quinctilius 11161, C. 1. 24612,
1411 48816. Vam]

06166161. «Hirpinum 66 ειιιιι,11. 1.
10. [ι. Hirpinum]

Quinctius Αῑιιι. ιΤ.,ι E. 11. 1. 18.

Quinquatrus, 11. 11. 2101.

06161618 11. 6 82,

Quirinus. C. 1. 2,40,111,8.16,16,

16.ος 1166616 183 8 ι 10 82
Ε,,112,,68

Quiris. 06111161μο 1,1.1,11.1.;8
114861,16.,141 14161,

11166161,0.1,12.81,111.6,18,
16161, 11666 1. 18.

1186611161[ι,116,1111118α.]

[8838

611111 c. ιι. ι. ιι, 111611.
1111161611, Α. Ρ. 842,
1111111668, 1. 1681, Α. Ρ. 18.
Rhodanus. 0. 11, 20, 20.
1111666,0, 111, 10. 21.
111166ι61,8.1.10.22,”
1111666110, 112612.
1111611610,11,,18.1111121.
11116161,0,11,10,28,114466
1166110. 111, 8. 88. 44· 612, 28
12,,2616.,,8184,81;14,4
0,811,81,11,>66162, 84
1, 616, 111 ,06 0628
28,11,1.2.,2 1, 44, 8,1,12
1 18; 20,
2. 41,
08

4,
6.
413,
11,21; 14111 6. 0, 11.
1,61,1,100.26,6 81, ’
86611661,οΗ11162, ,1
446, 0860, 116661
8,11, 8,.,148616814
62, 4.10,1,64;1.;81Ε1
6011226 18.40,111.
84, Α, 164118 264286 82
86666316101661, 0841,
116616161,0.,,1.1288 1116101 11.
8,24,11....1116
11611·111,111....,111162
111116116611661166611111.

1
6,
v.

'3
6,
2,
1.
28,

28,
11,
10,
10,
2⁸
6,

11616161, S. 11. 6, 86.

1116618 11. 6. 60.

41601, S. 1. 6. 94.

1161166666. S. 11. 8. 210.

11661161.8,1.2,21;4.02

Rufus 0111611661, S. 118. 68,[1,
66611116 ow· 1111μο11]

nup 1116111111, (P. ,18414

Ru.0. 8 1, 8. 86,

11616111, *madiam 8 11. 1. 08.

8868604288.
8111111610111688, 2666112 28
8,1828 11166.14,110,48 ³
81111661.0.1..,01 201· 2.,1201
18114 1141. 11 422· 17110142.
{1.3 .S.11.1.3118 14441741 141.
816166111166111161111111621. 1
86361111486644114881.1

1111111616, 111.,1111 ἰ

 

