8081888 88088108881.

811111111211111,2.1.1111 81111111, E. 1, ’1,12 1119.
81111111, c. 1, 8. 81. 89. 8111111111111112, S. 8.
8111111111, E. 1, 181. 811111.. 3111 11 32,
81111111,(1.1.31,;2 1111111. siculus, 811, 18. 8: 13, 883 (11.1.
8111112111μ21η1321211η128 1212211111111223
811111111211111,11111221,11,1;ι1.1,111;1.11..162

888. 8121111111111122.6111111222.
811113111111111111111119. 81111112. Ρ 239,

1 811111111111111111111. 11293, 8111111112. 111, 29. 22· 2111112221,

8111101,11,1..,,11221 11.11...1113
81111υ,(1.11.12.11111,.11222 811110111110111311.
811111118121. 1. Simon, Α, P. 888.

811111, E. 1, 11. 8. 81111111, S. 1, (1.12, ,
81111111. 2, 21 Α. Ρ. 373. 8111111111 Petrinus, 111, 2, 8·
8111111111, 8, 1. 8. 88. 8111, s. 11. 8. 183 11. 1. 8. 88.
811111111111131111, 8. 12 29. 8111111, S. 1. 8. 8.

8111111111, 8 ι1. 8. 8. Smyphus. c. 11, 18. 883 111111. 11121
8111111111111111. 1111. l. 188 8.11,2.21.11111,8,1,3.11,
81111111,8,1,12,22;11..1129 11. 81111111. c. 1. 1893 iil. 88. 18.

88. 81111111, E 1. 11. 8
82111102131111191111219.8111111111.81.29.11111121.9ι
8 112122 19221 222 233 Ι Δ, Ρ,.212
888. 811811912112132129
8111118111, 88. 8, 9,
81111ι111ι1,121111,111.11.8011111112112223,
811111111111112, 18. 18. 8111 11, c. ι, 9. 8.
8111111μ21,1221....181313 8ο111,111,.1222Α,,Ρ312
8111111111. [18111111] 8111111111, (1.111. 18. 1919111.
81111121111111111111Η1111 11111111.

81121112 ⁸¹³⁹···..¹¹‘⁰¹⁸⁵²1·

811111. c. nv. 8. 8. 8111111111. 8 ι1, 8. 2129,
81111111 (1111111,811111111111121292.
8111111 Ρ. 112. Ι 811111111111111111. 11, 1. 18. 22.
Sem 8813 1898. 901 185898811118188 99111ξέ11ιὶωὰ ἰ1992181 lv. 9, 88.

c 8. 88. 8111111, 21112, 3121822192,
8111111111 amnis. (1, 111. 1. 33 322, v
8111111111, 8 11112. Stygius. c. 11. 80. 83 11. 2. 88.
8111111111. C. 1. 19, 2. styx. 2. 1. 88. 18.
81111111212111212122 8112111. 11. 1. 3, 88.
11111111·11.1.12,11. 8111111111111111111229.
8111,ῑί1111 E. 1, 8. 88. Sugambri. 1811111112]
811111111212, 111111, (1, 11,.2 81111118 ,2.22,

&31888118 88 111292111112,’8111210118,11012621.ο lv 1² 18
811111111122292. 811111111113918. 111112,
111111211111211. 3, 81. Surrentum. 111. 1111

8111111 0111121118112123. 81111111 C. 1. 2. 8. ·
8111111111112. 11232. 8131111111,2.1ν,2.92111,31.
8111111,(1.,,1(1.1.112, 8111111 1111111111, 2. 11. 8·

 

