111811101182118 118.
18188188 ad 8811, 0. 1 1
111111, 1818811111 0. 1 12. 22;
18. 71 18. 71 8181 11. 19. 71
1118. 71 21. 211 11881, 12.14;
18.28; Ε.1.19.4;11.1.8.
Quum (2⁹91. 88. 11 8 11 8. 19;
1 . ι
11118, Β. 1. 19. 1.
111811, 0. 11. 17. 17.
11111181. 1 81. 881 Em 1. 1.
muys, 1. 111. 11, 11 11 1. 101.
1111811, c. 1 1. 10; 1111118.
1118111118. 1 11. 1.
1118111111, 11. 1111181111 aa 11111, 011
18. [1. Marna]
11811111, 1. 11811.
1181111111, 0. 11 12. 18, 28.
1111111ιό111, 0. 11. 1. 88 ad 81111, 0.
11. .
1111111818, 0. 111 12. 8
11111018111111118.
1111111, andronicus.) 11. 11. 1. 82, 89.
11811111, {Mas 11 1. 28. 28. ’
18111111 ad 11111, 11. 1 2 18.
1111181111. 1 2. 87.
1181111, s. 11 1. 11.
manua, 111811 1. 281 8. 11 8. 284 ;
2885 111112112118.
Luceria. 0. 111. 18. 11.
Lucilius, 8. 11. 11811 18. 1, 88, 88,
841 11. 1. 17, 29, 82, 78.
lucina, 0. 8. 181 111108. 8. 8.
1811881111, 0. 1 111.
[atgriinlmz. ξ0211. 11181 111811. 2 19;
11811111, 8. 18181 11228.
1111101111. 113 16. 81 18. 181
{vad-³⁶19. 13 11.11; 0112881
1111ψὲ11. 081181111181111118,1 8 11
Luscus Aufldlus, 8 1 8. 84.
181 Epod. 9. 88.
11811111, namu.» c, 1, lm,
ψ 11 111·
818111 ”“
troada. 0. 1. 819.

INDEX

1118118118, 8188. 11. 18.

1181111, 0. 1. 8. 16.

1180111, 0. 188. 5

111111111011. 19. 18.

Lycus, upum.» 0. 18211.

Lycus, 1111111110. 111. 19. 28, 21,

1)’(1)18,0.ἳ1ὲ. 11. 22; 111. 11. 1. adm
. 111. .

Lydi, 8. 1. 8. 1.

Lydis„ ad 81111, C. 1. 8, 18, 28; 111, 2

Lydus, 0. 11. 18. 88.

1111111111 8. 91.

1118811181 2. 981 1111. 28.

1181112118. E 11. 1. 248.

1888118111. 18. 11

Maecenas. 10. 0111111111 011. 11. 19;
S. 1. 8. 84; 8. 27, 811 6; 9. 11;
18. 81 ; 11. 8. 812; 8. 81, 88, «11; 1.
18ς1.11,12;8111111,8.11,10;1ι
12, 11, 28; 111. 8,111,29; Epod. 1,
8, 8, 14; S. 1. 1; Ε.1. 1, 7, 18.

11.-Τ1111 Tarpa, (Spa 1 Ρ. 881. [v.

ww1

Μῗ111128. 1. 1. 1811 8. 21. 28, ι

11181111, (1.1. 8. 28 3 11. 9. 8.

11111118. in eum, 81811 18.

18188111

1111101248, 81188.

1111111111, 8. 1. 2. 28.

Mamurra, S. 1 8. 81.

Mandela, E. 1 18. 188.

81111181,0.1.4.18; 8118291 1111

1111111111, ι1.,1[1. Pomm]

Marcellus, 0. 1 12. 48.

Mareoticum. 1111111111 0. 1 81. IL

1181181, C. 111. 17. 7.

Manus, 8118. 211.

111110. 1111811281 2811111.
11181111 8111881 8. 24, 88;
11. 11. 9. [1. Mavors]

1111111111, 81 2. 88.

11111110112812891 11811.
1818111187. 8²5 11 183 ΕΜ. Δ, 181

fflffiffiffssfffQ

11111111 11811111, 0. 1118. 1·

 

