161 ' 11111111

11161110. 166. 01 11. 10. 161 111. 6. Derim. 11666. 0. 6.

1116.1616.11.6.66. 0616661111111. 116.
nedem, 6. 11. 10. 161 11. 1. 1 Drusus, 0. 1111161 11. 10.

1111611111, 6. 1. 6. 61.
nemeacus, 6. 11. 1. 16. Echionius, 0. 11. 1. 61.
Dm. 6. 1. 6. 661 11 6. 16, 1011 11661116. 11 1. 11.

1. 61. 166111611116.
1111611116166111116. 1611611111.

Damasippus, 6. 11 6.16, 61, 66, 611, Empedocles, 11. 111. 101 Δ. Ρ. 166.
Deme, 11111. 16. 1. Enceladus, 0. 111 1. 66.

Demus, 6. 11 11. 161 11111. 11 1111166111,1111611661116161,)0.111.1.06.
1111166111,6.11. 16. 11. [1. men] Bnniue, 61. 16. 611 11. 1 10. 11111.
1111611111,6.111.161 1161. 1601 A. P. 66160.

Daunia, 6. 1 11. 11. 116116, 0. 1 66. 611 11666. 1. 61.
neuma„ c. 11. 1. 61 1 11. 6. 11. Ephesus, (1 1 1. 1

1111111111, c. 111. 60. 11·, 11. 11. 16. Epicharmus, 11. 11 1. 66.
0111ἰιὶ1ἒὲ71 10. 101 11. 6. 011 Δ. Ρ. {3313ssst ί1316ἑΤ
01161,11161661“1“1616111,16.11.1.1,16, Erycina. 1161111 6. 1 1. 66.

100. 1616161161, c. 1 11. 1.

December, 11111. 16. 101 1666. 11. Esquiline, S. 1. 0. 111 11, 6. 66.

61 S. li. 1. 11 611011. Esquilinus, 66611 6. 1001 11. 68.
Decius, S. 1 6. 10. 1111111611, (111111 111. 16. 661 α
116661, (11111. 6. 6.66111661116.1,1616.16.11 ,
Deiphobus, 6. 11. 0. 11. 10. 61.

Delius, 6. 111 1. 611 11. 6. 61 6. Euander, 6. 1 6. 01.

66. 111 Euius, E. 111. 16. 0.
neuim, 10.) 66 eum, 6. 11. 6. 11111111, (1166111111,16.1 16. 01 11. 11. 11.
Delphi. (1.1 1. 61 Δ. P. 010. Eumenides, 6. 11 16. 66. ’
1161611661, 0, 111. 60. 16. Eupolis, 61 1. 11 11. 111. 1
Delus, c. i. 11. 10. Europe, c. 111. 6. 11.

Demetrius, 16111 S. 1 10. 10, 00. Europe, 1161611161 c. 111. 11. 2⁵, 61.
Demetrius, 111111, E. 1. 1. 61. Eurus. c. 116. 101 16. 161 1116111
0661616666, Ε. 1 11 111 11 1161. 11ὶέ ὲῖ. ἑὲ 15141. 1. 1616 10116611
mene, 0. 1 11. 11 11. 11. 101 111 1. 16161666. 1. 1. 66.

111 11. 11 11. 1. 161 0. S. 1. 10, Eutrapelua,1‚1².v01umnius,) 1111& ¹

161 11666. 6. 61 ; 11. 11·, Α. P. 16, 61.

161. aaz eam, 6. 111. 11. [1. 6611111111,

Delie] 111611, 1111661611. 16. 61
Diespiter, C. 1. 61. 11 111. 1. 10. Fablue, S. 1. 1. 111 1.-161. 1
vigenne, 1116611 E. 1. 18. 101. Fabricius, 6. 1. 11. 10.

1116116666, 6. 1 16. 6. 1161161111 pone, S. 11 6. 66.

0161116661, S. 1. 1. 161 6. 011 1. P. Falernus. 1616161116, 6. 1 10. 101
1161116666] 1110111.6.616.10111.101111.

1111111111 111111111111131

11116661, (111. 1. 16. 1 11. 611 16. 01.

1111161611, S. 111. 60. Fannius, (0116616161.) S. 1. 1. 111
1116161, (placitator.) 11 1 1616 10. 66. ¹

 

