118111111111111111111111, 188

81111111, 0111111. 0181181101111.
1111111111. 8111111, 0. 11111 11.11 811818, 4848.
{88st 18111181811811 ,418844 (111111ὶέ1111111111111188,111,8.11
4444
1111111181 8 618111110181111 18861111811111.
811111111011811.11111110111111.
1111111111111 11181, 8111111110,18.8; 1111888.
8111181111, 14. 4. 14. 8. 81111111, 8,11811.
1111118118.011111111811111.
Fescennium, 8111115. 011111181101111.
811111,0.1.1816111,11 881111, 0111111118111. 181.
8,18. 0,.,881 Gargilius, 81858.
Flaccus, 440414143 844444 81111 111111. 818111 1..81
[v 11111118,1η1111111ο.111,11; 1811111111,
Flavius 8,161 8111111111,0.11,11.18.
nomam, 8,118 448..[4 81111111,0.111..11111 11..11181 11
,11118111 8111111] 1,1111 1,181, .4. P. 444.
8111111ιαμα1811118.11 811111110118,161Ε11.,,08161
811111111οι1 440, S.' 4. 8. 88. 8111101111, c. 11118,
Forentum. 111, 116 81111. 8, 444. 84 113 lv. 14. 88.
11111111,0,111118,(1111.1111,ο 44144444. 1111111]
8111111111, 011811, 81 1111111110 111 1.,1
8044,0.48.14. 8111111118. 1, 1. 14.
8111111110.1.81,18111. 18 811111818118 81111111.
11118,181.,1111181 8114111116 1811,
8111118181188811811. 8111111οἫ1888111118181181111.
68111Η18111111111,0..188, 418.
8011111111) 44, 8, 18 8 811111111111101, 881
811111118111111111.8.16.11118,1 81.11111,8,11..88
1,.18 8111111818 81.
8111111181111 811011,1110.1,18,11.
811811811888, 8111111111,[1.811111111“1ιι.]
81111111, 8,11. 1, 86. (1111111111, Ε. 11. 8. 89
84414498444'444. 10...11811811 118.81ῗ1111ἱί0119135185611885181
8111119111.,,.,81881 81811110.1,18.1111111518,1.
8111111,0.1.,1.,118118.1815 8.181.81.10,18,,8185,6’8111 ³
v ,44.8...185141 4.31444.'.',441..'’34414444
8111111811118, 11118181, 888. 4
11111111111111 115. 11. 8111111, 0111. 111 18 88111, 811 3
8111111111,8,1,18. 88, 8111818111 8,111, 18. 881 3
81111111 1111111111 8. 1 14. 88. [1. 1,111 1,Ρ.1113.’
48444414440444 81211111ὲ20, 11781 ..8881 11111816 ἶ
11 5. ’
81128118111.. 11 18. 83 111, 181 81ἕέ11111,1(1161111111ὲ11.18.1...111118 1
eum. 41
1111111, c. 44. 811. 8. 1. (8544, 811. 14. 143 444488.
08Ξ3112111, Ιξ1111ἒ11.11811 111815 111. 81311,οΗ118181 111.1..8

841444444...044.810.·= 1111111,οω1818188181111111

 

